february

January

Sun

.

6 13 20 27

*

March

*
3 10 17 24

30

2

31

3 10 17 24

9 16 23

April

*

6 13 20 27

Mon

7 14 21 28

4 11 18 25

Tue

8 15 22 29

5 12 19 26

4 11 18.25

Wed 2

9 16 23 30

6 13 20 27

5 12 19 26

2

Thu

3 10 17 24 31

7 14 21 28

6 13 20 27

3 10 17 24

Fn

4 11 18 25

8 15 22 29

7 14 21 28

4 11 18 25

Sat

5 12 19 26

9 16 23

8 15 22 29

5 12 19 26

2

May

*

Junl

4 11 18 26

*
8 16 22 29

7 14 21 28

5 12 19 26

2

8 16 22 29

6 13 20 27

3 10 17 24

9 16 23 30

7 14 21 28

4 11 18 25

8 15 22 29

5 12 19 26

2

9 16 23 30

6 13 20 27

3

10 17 24 31

7 14 21 28

9 16 23 30

L
19[)()
,\

\

,I

'\

July

Sun

...

6 13 20 27

September

August

*

31

3 10 17 24

*

October

*
7 14 21 28

5 12 19 26

December

November

* 30

2

9 16 23

*

'"

7 14 21 28

Mon

7 14 21 28

4 11 18 25

8 15 12 29

6 13 20 27

3 10 17 24

Tue

8 15 22 29

5 12 19 26

2 .. 9 16 23 30

7 14 21 28

4 11 18 25

2

9 16 23 30

10 17 24

8 15 22 29

5 12 19 26

3 10 17 24 31

Wed 2

8 15 22 29
9 16 23 30

6 13 20 27

3

Thu

3 10 17 24 31

7 14 21 28

4 11 18 25

2

9 16 23 30

6 13 20 27

4

Fri

4 11 18 26

8 15 22 29

5

12 19 26

3

10 17 24 31

7 14 21 28

5 12 19 26

Sat

5 12 19 26

9 16 23 30

6

13 20 27

4

11 18 25

8 15 22 29

6

2

11 18 25

13 20 27

