STATEMENT I

.: 0 0 0 ch

FOR T RAN

I[, 17

8 9 1011 121314151617181920 212 2 2J 24 ?S 26 ?l28 293031 31 1:lJ4 3536 37 38 39 40 4 14243 J4 ~ 'l ~6 4 14849 505152 5354 555657 ~85960 6162536465666168'091071 niJ3 74 75 76 77 78 79 80

1 1 11 1 1 1 1 1 1 1 1 1 1 1 1 1 1 1 1 1 1 1 I 1 1 1 1 1 1 1 1 1 1 1 1 1 1 1 1 1 1 1 1 1 1 1 1 I 1 1 1 1 1 1 1 1 1 1 1 1 1 1 1 111 1 1 lIt 1 1

1 2 2 2 2 1,1 l 2 2 11 2 2 1 2 1111111 2 11 111 1 11 1 2

, .. ""

;f!1~

3 3 3 3 3!3 3 3

~~!
~ r
;'-:; ~-:. .,

44444444

I

0\

S TAT E MEN T

a a a 0 0 0 0 0 0 a 0 0 0 0 0 0 0 0 0 0 0 0 0 0 0 0 0 0 0 0 0 0 0 0 0 0 a 0 0 0 a 0 0 0 0 0 0 0 0 0 0 0 0 0 0 0 0 0 0 0 0 0 0 0 0 c:o 0 0 0 0 0 0 0

liT

, 2 3 4 ~

: 111

IDENTIFICATIDIt

I~

WO.

555555555555555555555555555555 55555

. 2 1 2 2 2 2 111 2 2 1 2

3

2~2
2 1 2 2 2 2 2 2 2 2 2 2 2:2 1 2 2 2 2 2 2

I
_

3 3 3 3 3 3 3 33 3

4444444444

55555555555555555555555555 5

515 5 5 5

555

~ 666666666666666666 666 6 666 6 66 6666 6 66666 6 666 666 666666666 6 666666668666666666 6 666S66

~ 77777777777777777777777777777777777777777777777 7 777777777777777 7 777771777777771 7
fr

ffi

g
III

~

88888888888888888888

9999

' 888888888888888888888888888888888 r

' 888888888888888888888

999999999999999999999999999999999999999999999999999999999999999999999999999

12345678 9 1011 12 1314 1516171aI920 21 2223242 5 ~G2;28;:93~3 1 32 33 3~3SJ6373839~O~I·j 24344 4 546 4 748 4 9505 15253545556575B 59C06162 636.4 656667681'970717 73747576777a7980

