II lDENTIFICA nOK

I-

_ II~

FOR T RAN

S TAT E MEN T

!

-) 0 0 0 oloio 0 000000000000000000000 00000000000 0 0 0 0 0 0 0000 000000000000000000000 0 :00 0 0 000 0
1 12 3 4 5 (, 17 8 9 1011 121314151 6 1718 1920 21 22 2J 24 2~ 16 U 2829 3!J3 132 J 3J 4 35 .36 31 38J9 10 4 1 4 2J)~4 4')46 47 48 4950 5152 53 54 55 565 7 :.859606162E3646~6661686!l70 71 7273 H 75 7671 18 1980
1 l1111r 11111111111111111111111111 1 111111111111111111111 1111111111111111
1111 111

T

2, 2 2 2 2i 2\,2 2 2 2 2 2 2 2 2 2 2 2 2 2 2 2 2 2 2 2 2 ? 2 2 2 2 2 2 2

313331T~

. l;t!.~
~~!

44444444L
55555555555555555555555555555555555

~

'."' " . .

2 2 2 2 2 2 2 2 2 2 2 2 2 2 2 2 2 2 2 2 2 2 2 2 2 2 2 212 2 2 2 2 '! 2 2

37 I

--

]3 13333Jo 33
4444444444

555 5 5 5 5 5 5 5 5 5 5 5 5 5 5 5 5 5 5 5 5 5 5 5 5 5 5 5 5 5 5 5 .. 5

666666 6 666666 6 66666 6 6 666 66 6 666 666 6 6 6 6 6 6 6 666 6 666666 666 6 6 6 66 6 6 6 6 66666 66 666 666 6 G·€ S 6

~ 77777777777777777777777777777777777777777777777777777777777777777777711777777777

:r

ffi 888888888888888888888 '
~

en

oIII

9999
I

~888888888888888888888888888888888 '

~88888888888888888888

'--"

999999999999999999999999999999999999999999999999999999999999999999999999999

2 3 4 5 6 7 8 9 1011 12 12-14 15 161 7181 92021222324 25252728i930 31 :l2 333 43335 3 7333~4041 " 2 4 3 444 546 4 7 4 B49 50 5152535455565,53596061 62636.-1656667681'970717 7374757677747980

